SampleID,Category,anthranilate_plasma,anthranilate_stool,cinnabarinate_stool,dopamine_stool,glutamate_plasma,glutamate_stool,indole_3_acetamide_plasma,indole_3_acetamide_stool,indole_3_acetate_plasma,indole_3_acetate_stool,indole_3_carboxaldehyde_plasma,indole_3_carboxaldehyde_stool,indole_3_lactate_plasma,indole_3_lactate_stool,indole_3_propionate_plasma,indole_3_propionate_stool,indole_acrylate_plasma,indole_acrylate_stool,kynurenate_plasma,kynurenate_stool,kynurenine_plasma,kynurenine_stool,melatonin_plasma,melatonin_stool,neopterin_plasma,neopterin_stool,nicotinamide_plasma,nicotinamide_stool,nicotinate_stool,picolinate_plasma,picolinate_stool,quinaldate_plasma,quinaldate_stool,quinolinate_plasma,quinolinate_stool,serotonin_plasma,serotonin_stool,tryptamine_plasma,tryptamine_stool,tryptophan_plasma,tryptophan_stool,x3_hydroxyanthranilate_plasma,x3_hydroxyanthranilate_stool,x3_hydroxykynurenine_plasma,x3_hydroxykynurenine_stool,x5_hydroxyindoleacetate_plasma,x5_hydroxyindoleacetate_stool,x5_hydroxytryptophan_plasma,x5_hydroxytryptophan_stool,xanthurenate_plasma,xanthurenate_stool
FMT.0042E,DIV,1.592,0,413.831,588.356,70158.566,4809150.669,0,0,1238.081,9192.321,31.146,7735.512,1441.851,8637.425,24.642,0,67.141,0,28.041,8242.162,1945.661,488.268,0,0,NaN,1089.29,152.678,492.272,214861.062,NaN,NaN,0,0,819.976,0,0,1756.183,0,4472.139,45564.183,217431.131,20.517,109.244,57.944,0,41.752,1116.82,0,0,7.967,980.801
847E,VRE,0,0,278.419,899.068,95840.86,18773169.931,0,0,227.137,0,17.986,570.056,500.834,0,24.932,0,72.983,0,9.586,2250.183,1217.083,1726.068,0,2.661,NaN,18571.544,100.478,795.414,6649.59,NaN,NaN,0,0,194.042,951.435,0,180.031,0,1923.927,21134.783,2280232.807,0,0,43.436,0,20.922,101.474,0,617.398,2.112,480.413
191A,DIV,1.029,639.056,0,2332.495,69143.59,2629234.638,0,0,2639.853,18303.198,18.894,2985.174,616.689,1117.28,73.048,1931.676,52.38,33.686,24.164,5001.248,1643.551,299.892,0,0,NaN,0,172.078,430.212,123998.461,NaN,NaN,0,160.449,255.727,1540.287,0,3885.581,0,56594.799,40490.291,73625.344,13.03,93.289,34.309,0,32.517,901.65,0,0,7.042,1800.237
FMT.0225D,DIV,0,0,0,645.832,167608.231,1493913.261,0,0,2494.763,6321.103,25.962,739.701,827.092,442.863,45.314,0,90.104,0,15.141,3582.193,2888.938,283.731,0,0,NaN,0,236.911,667.235,164969.549,NaN,NaN,0,0,386.91,1737.264,0,2842.939,0,20230.227,38340.194,106140.92,12.356,122.198,31.559,0,25.264,344.669,0,0,3.92,559.309
FMT.0097N,VRE,0,0,271.994,0,121609.651,5098725.801,0,0,222.635,0,25.725,112.107,695.952,0,22.909,0,66.907,0,25.8,2357.635,1144.927,511.524,0,4.969,NaN,6733.07,205.324,1371.492,5776.976,NaN,NaN,0,0,563.408,2067.887,0,0,0,412.852,25880.444,605592.605,16.017,0,73.092,0,30.958,232.458,0,0,3.499,732.481
665I,VRE,0,0,0,2378.752,114677.556,2223092.934,0,0,576.111,5846.606,24.784,236.893,614.258,9269.899,28.766,0,58.109,0,13.491,5115.187,1068.946,466.372,0,0,NaN,1171.166,128.639,367.706,141653.753,NaN,NaN,0,0,111.984,0,0,806.803,0,161.966,43752.763,79157.447,0,98.825,23.375,0,19.853,740.442,0,0,4.764,2316.869
1234G,VRE,0,0,449.077,192.323,51077.943,10003174.141,0,0,698.698,312.026,46.564,323.583,1504.168,638.005,71.809,0,51.039,0,81.019,7398.089,1479.917,1197.504,0,2.301,NaN,4273.342,152.405,647.442,17688.545,NaN,NaN,12.6,0,513.102,1971.561,0,0,0,567.198,41851.738,947826.968,16.098,0,48.066,0,51.721,154.341,8.471,149.476,11.868,1261.363
FMT.0222H,STR,0,0,0,0,76464.835,4586009.327,0,0,554.707,2740.271,35.645,868.798,2708.681,0,86.477,0,82.135,0,72.346,4324.702,3543.96,1055.394,0,0,NaN,15539.235,88.73,593.84,0,NaN,NaN,12.014,0,415.357,1358.873,0,581.596,0,0,28357.804,1577546.035,13.805,0,84.645,0,26.399,65.285,1.916,192.614,6.634,687.587
205A,DIV,0,0,0,0,111557.928,1980552.631,0,0,1270.727,20604.141,27.761,6067.537,1162.766,754.287,147.89,4941.399,31.728,206.771,28.49,1753.43,2152.284,113.676,0,0,NaN,0,228.241,411.362,52345.513,NaN,NaN,13.37,216.82,980.561,0,0,1209.105,0,15840.272,31500.071,127881.196,18.027,89.81,43.369,0,53.361,794.173,18.399,0,6.654,126.837
FMT.0009O,DIV,0,0,0,0,46936.217,490553.686,0,0,528.565,0,77.714,1703.954,2653.485,0,52.357,0,94.771,0,71.789,4563.56,3248.008,336.114,0,0,NaN,2434.197,74.077,1082.361,1836.421,NaN,NaN,12.614,0,195.94,0,0,1677.436,0,0,35832.715,290202.974,15.401,0,61.333,0,23.909,0,0.749,0,9.8,1303.183
1337H,STR,0,0,0,0,55149.585,6264837.341,0,0,669.802,5319.965,23.001,599.785,1256.151,18041.465,37.505,0,56.488,0,22.711,2580.237,1972.778,1411.198,0,3.223,NaN,5679.186,99.948,765.612,105334.569,NaN,NaN,0,0,225.007,1747.89,0,1926.099,0,0,36848.567,2757251.083,0,0,47.79,0,24.261,330.514,0,349.258,6.122,1242.413
640F,VRE,0,0,0,14374.969,73264.965,5824706.854,0,0,195.855,0,54.329,1091.234,2889.219,0,54.849,0,87.254,0,24.936,4442.948,1920.874,745.06,0,0,NaN,23275.491,43.444,605.949,4808.019,NaN,NaN,0,0,458.71,1754.407,0,380.024,0,293.618,26302.721,1536688.287,13.422,0,116.472,0,29.013,119.312,0,210.229,9.043,921.482
1210K,VRE,0,0,0,10483.676,121343.619,8639903.723,0,0,587.737,0,66.949,2725.518,3052.437,2545.213,50.447,0,103.681,0,33.878,2069.922,1092.816,945.821,0,2.807,NaN,7279.55,81.02,674.177,8203.529,NaN,NaN,15.069,0,257.452,1532.411,0,1056.656,0,3617.164,44855.163,2227042.059,0,0,50.054,0,51.041,150.204,0,1762.68,9.208,826.841
FMT.0048A,DIV,0,0,0,773.915,1778.567,2025604.037,0,0,0,10033.369,0,8463.018,0,0,0,3754.722,0,0,0,6752.384,0,425.791,0,0,NaN,0,134.897,940.979,167684.277,NaN,NaN,0,162.64,0,1276.23,0,12329.945,0.551,3877.097,61.739,161058.098,0,0,0,0,0,3366.562,0,0,0,2299.939
238A,DIV,0,565.646,0,598.82,81245.446,5631302.452,0,0,2287.167,9860,27.948,13618.741,1057.332,5471.988,57.427,9002.335,49.028,89.047,29.618,199.969,1713.716,341.844,0,0,NaN,420.552,190.755,901.222,382144.583,NaN,NaN,12.578,65.912,309.213,0,0,235.376,0,55560.879,41506.463,273829.3,0,163.707,35.129,0,24.395,134.833,0,220.967,7.088,67.612
220A,DIV,0,0,0,432.609,67660.949,3217425.773,0,36.855,715.66,3878.224,17.965,2681.818,495.987,821.085,16.722,2645.555,43.148,228.391,13.4,439.59,1340.266,477.961,0,0,NaN,0,158.857,1183.104,170137.563,NaN,NaN,11.249,411.698,373.879,0,0,1214.065,0,7150.279,26479.203,377466.077,0,209.201,31.521,0,18.181,1945.55,0,0,3.67,54.651
684B,DIV,0,0,0,537.679,76045.643,2597595.201,0,0,1653.253,23768.138,24.16,2473.381,653.8,0,282.929,1472.606,88.737,0,17.661,317.04,2358.262,105.509,0,0,NaN,0,268.416,1421.205,124736.078,NaN,NaN,11.515,437.632,364.687,0,0,2382.24,0,951.694,42212.444,73592.602,13.751,0,29.634,0,30.369,114.237,0,0,0,0
298A,DIV,0,509.683,0,2382.197,97965.45,6051536.765,0,0,6355.745,20953.79,26.813,4406.24,1093.743,346.263,173.492,5187.027,64.196,0,20.859,3799.045,2641.447,160.728,0,0,NaN,358.259,85.335,855.862,147124.934,NaN,NaN,0,98.316,403.283,2522.224,0,615.281,0,8667.156,42688.697,70703.46,12.643,360.402,39.472,0,27.71,484.818,0,0,5.884,1124.549
264A,DIV,0,0,0,1819.336,102416.053,4313347.993,0,0,998.795,6032.257,17.229,2283.345,1698.38,2775.292,0,71.732,196.157,0,12.698,3300.182,1276.942,213.725,0,2.778,NaN,0,103.582,1345.639,298842.085,NaN,NaN,0,362.7,233.56,1623.728,0,4221.33,0,1061.386,31523.546,94412.897,0,148.872,31.058,0,28.629,237.689,0,0,0,698.755
691A,DIV,0,0,0,1812.449,117484.16,2386956.804,0,0,1386.623,13111.588,30.292,1670.28,585.816,0,132.389,1897.26,76.065,0,18.788,570.574,1489.378,0,0,0,NaN,0,172.769,1028.673,122337.971,NaN,NaN,11.607,398.532,218.616,0,0,1584.993,0,1515.919,43017.529,52123.158,10.863,134.27,25.845,0,50.138,923.756,0,0,34.811,129.112
271A,DIV,0,0,0,1233.945,109822.064,2561037.541,0,0,1374.344,78958.813,15.898,1148.661,702.348,2396.136,19.826,1022.978,61.305,0,20.521,6384.93,1691.756,613.541,0,3.785,NaN,1076.908,243.036,3575.803,348032.461,NaN,NaN,0,0,319.927,0,0,1455.064,0,59341.494,32368.564,143805.56,11.795,254.016,36.462,0,21.517,852.646,0,0,7.703,3675.098
843E,VRE,0,0,0,3196.593,87245.987,3226597.883,0,0,152.336,0,11.803,241.047,423.215,5845.121,0,0,45.442,0,19.643,1144.88,1845.871,944.58,0,3.2,NaN,2470.23,110.882,1870.084,3470.616,NaN,NaN,0,0,236.247,1008.689,0,2919.986,0,172.893,26685.84,1101940.836,10.195,0,35.867,0,24.863,155.791,0,536.508,0,337.949
FMT.0130F,DIV,0,0,0,0,48377.946,2617098.018,0,0,706.432,3555.404,184.82,680.665,2582.451,4755.44,28.026,0,46.272,0,44.635,1077.093,2984.118,671.211,0,3.58,NaN,1028.878,258.361,2059.751,67191.65,NaN,NaN,12.3,0,3049.512,1238.317,0,2928.408,0,0,24269.496,1565875.376,13.914,0,49.383,0,41.221,402.521,0,281.347,4.296,453.839
1075K,DIV,0,0,0,0,75175.111,4633431.662,0,28.878,12149.209,54385.558,18.656,24333.275,928.236,19521.174,1255.763,23806.454,78.208,1496.353,34.65,955.569,1603.397,495.029,0,0,NaN,2888.398,274.474,426.239,269958.738,NaN,NaN,18.532,396.255,419.921,1615.35,0,734.401,0,29034.157,28638.16,552130.556,11.932,0,25.683,0,39.335,163.235,0,266.287,6.935,49.904
1064O,DIV,0,0,202.716,2472.452,31483.581,2092654.277,0,0,754.03,1658.003,37.201,617.58,1250.582,3028.785,0,0,58.559,0,35.722,7262.782,1552.754,678.895,0,0,NaN,2993.082,89.332,4428.601,36806.524,NaN,NaN,10.866,45.903,136.439,1470.354,0,706.637,0,0,41404.238,42769.61,0,0,24.63,0,29.363,281.9,0,0,10.294,2419.766
FMT.0023K,DIV,0,0,164.637,1097.923,58574.617,6530546.635,0,0,1157.265,27463.203,17.871,9294.826,415.609,452.917,7.2,3041.134,50.967,0,24.513,4657.626,1417.962,0,0,0,NaN,181.607,101.911,444.14,195094.016,NaN,NaN,11.318,59.124,239.926,1505.914,0,472.093,0,3298.968,37239.439,246758.063,11.01,0,19.171,0,31.891,449.256,0,0,3.448,1422.102
1107A,DIV,0,0,19.382,534.711,43100.191,1608119.59,0,0,2234.35,4486.863,23.397,2215.257,1150.05,3345.48,144.423,1315.518,72.18,0,55.294,4390.924,2606.88,445.246,0,2.636,NaN,263.849,193.087,1209.53,111779.1,NaN,NaN,13.171,0,742.994,0,0,1097.047,0,27152.493,34340.268,295496.928,12.391,0,43.608,0,51.609,223.596,0,0,5.08,1464.592
FMT.0033L,DIV,0,0,111.378,0,63335.787,2576353.835,0,0,370.703,162.624,28.245,288.649,1683.68,2037.488,0,0,30.514,0,31.988,1161.61,1596.293,494.686,0,0,NaN,894.161,97.751,672.832,3661.563,NaN,NaN,10.964,0,109.901,0,0,0,0,0,28157.508,836440.496,10.703,0,55.444,0,18.975,55.149,0,162.684,7.071,213.94
FMT.0055T,DIV,0,0,129.327,1026.821,162265.62,386672.966,0,0,732.334,3175.69,34.106,404.209,949.356,11680.603,0,0,100.371,0,23.847,4463.749,652.416,973.817,0,3.396,NaN,4864.224,95.572,2949.325,62005.36,NaN,NaN,11.653,0,388.792,1196.029,0,458.616,0,0,30832.73,1518544.693,0,224.727,0,0,32.126,800.666,0,342.807,3.407,2093.483
1245P,DIV,0,0,0,3905.323,80719.436,1737636.074,0,0,412.176,779.766,32.382,4272.267,2033.145,152390.953,0,0,105.068,0,33.018,3600.894,1269.575,452.357,0,0,NaN,1697.737,87.811,1109.103,87907.401,NaN,NaN,11.136,0,296.626,1258.821,0,5643.334,0,1401.782,32561.35,504202.614,14.685,0,37.119,0,20.934,712.171,0,147.704,7.116,857.377
703A,DIV,0,0,99.676,145.311,57306.153,5306248.996,0,22.759,2728.768,331661.403,19.322,2513.852,506.512,1987.13,44.309,2437.138,50.506,0,18.636,637.177,1076.567,338.871,0,0,NaN,138.535,152.165,1334.785,550201.154,NaN,NaN,14.387,543.815,204.83,0,0,1471.922,0,322.776,33028.879,130023.768,10.804,0,26.84,0,21.32,523.941,0,0,6.39,34.924
1170I,DIV,0,0,0,0,87372.937,14888986.472,0,146.753,938.057,4719.243,23.025,14129.772,1527.173,11199.507,0,97.625,45.963,0,38.858,499.944,2542.612,1338.792,0,0,NaN,1470.129,110.533,1450.451,23556.338,NaN,NaN,10.594,0,436.949,0,0,107.805,0,53.801,48646.951,1838288.601,14.921,0,71.291,0,53.188,93.309,0,261.227,14.893,88.973
878A,DIV,0,0,0,7522.893,93756.914,11504674.436,0,0,3107.888,7273.925,16.61,1944.039,1680.212,14483.504,11.792,1710.894,59.338,93.919,59.463,7519.777,6189.156,842.172,0,3.597,NaN,9680.597,365.616,1082.921,123162.54,NaN,NaN,0,0,3423.452,2479.829,0,263.494,0,109827.048,16389.696,118248.941,41.466,0,64.86,134.634,43.979,168.159,0,193.294,3.684,1287.794
FMT.0161T,STR,0,570.062,64.42,1579.47,88279.553,10314572.18,0,0,346.65,19163.876,7.55,185.067,218.851,12532.142,0,246.817,48.637,0,15.575,11414.294,1160.913,14306.101,0,2.29,NaN,11191.308,349.357,1479.538,16429.036,NaN,NaN,0,361.54,384.945,55305.765,0,466.691,0,696.175,21119.109,294270.524,16.377,25732.52,28.577,5174.148,27.003,18827.384,0,817.777,2.224,3885.17
FMT.0091KK,STR,0,0,0,1715.411,43715.262,645032.006,0,0,9174.617,13598.025,127.083,1073.585,6876.868,2641.49,520.681,3717.012,215.496,131.76,50.18,11772.45,1152.51,336.045,0,0,NaN,1709.156,152.778,3822.9,70318.424,NaN,NaN,11.517,0,552.281,3746.639,0,292.34,0,39313.837,35740.355,24991.437,9.853,0,30.594,0,88.549,451.257,2.741,0,12.21,1666.287
885C,VRE,0,0,0,1388.873,120018.691,19111182.22,0,0,581.757,2929.785,36.457,857.073,2073.491,19124.93,1.314,0,68.493,0,31.397,4096.325,1846.192,908.632,0,3.016,NaN,9015.544,93.579,5288.621,142884.978,NaN,NaN,0,0,159.899,2250.359,0,766.773,0,3124.9,40732.352,1663097.468,0,0,67.061,0,18.96,1211.021,0,303.064,7.989,2798.879
FMT.0108K,STR,0,0,180.464,0,70369.247,2604937.817,0,0,102.377,1742.916,21.12,1520.163,745.83,5780.439,0,0,72.637,0,11.353,1719.949,851.628,2351.463,0,2.601,NaN,1870.655,46.269,1059.648,1881.09,NaN,NaN,0,0,95.455,2568.422,0,345.143,0,0,20035.618,651278.625,0,143.672,28.635,439.041,21.945,2021.312,0,0,2.725,131.557
FMT.0069M,VRE,0,0,0,0,136691.085,1978448.426,0,0,304.159,125.777,29.282,105.596,1746.568,459.722,0,0,52.855,0,29.086,557.383,2014.12,346.28,0,2.598,NaN,1518.701,165.199,1301.524,3648.16,NaN,NaN,0,0,225.789,677.516,0,0,0,67.732,36693.829,121105.099,0,0,99.152,0,26.929,65.819,0,0,8.468,142.219
1044K,VRE,0,0,0,0,56808.005,1766264.011,0,0,308.899,609.374,26.38,530.257,1862.313,0,0,0,55.579,0,43.362,3458.703,2971.531,219.56,0,9.046,NaN,1856.728,155.451,1247.131,2567.761,NaN,NaN,12.078,0,268.956,0,0,85.699,0,0,31373.288,248530.819,10.582,0,170.212,0,42.982,138.022,0,0,12.212,479.4
FMT.0092T,STR,0,0,0,698.279,120642.055,4991754.708,0,0,314.262,2988.117,57.964,2465.409,2957.301,46908.579,0,0,152.047,0,37.023,5228.089,4077.669,2630.536,0,3.013,NaN,3546.695,110.875,1375.265,14784.808,NaN,NaN,0,0,369.297,3301.648,0,308.395,0,99.016,31071.098,1260582.882,17.649,1749.033,107.3,1044.545,19.724,2019.188,0,187.489,3.793,699.256
1042Q,VRE,0,0,0,738.327,49665.26,3960471.943,0,0,245.03,151.248,23.907,384.911,867.31,9728.696,0,0,31.587,0,27.707,1685.107,1818.886,428.088,0,2.079,NaN,4564.965,98.673,1746.912,1916.907,NaN,NaN,0,0,273.779,1346.265,0,0,0,0,30871.074,563071.284,16.294,106.812,53.163,0,23.821,143.111,0,144.174,6.916,982.653
1221P,STR,0,0,0,167.645,57942.742,7259570.067,0,0,771.72,7091.157,55.601,30608.556,1202.649,130801.596,14.515,0,73.846,0,38.261,1730.352,1061.362,497.417,0,3.019,NaN,1251.081,110.923,3151.645,124946.881,NaN,NaN,12.577,0,138.832,1707.689,0,4304.72,0,0,50432.968,1168566.947,14.905,0,29.863,0,25.212,593.009,0,180.439,9.808,908.359
1259R,STR,0,0,0,0,59255.593,4201580.747,0,0,611.88,0,38.589,297.195,1735.581,0,0,0,57.461,0,35.897,1096.997,1410.689,898.079,0,21.42,NaN,3215.409,162.223,1833.242,1632.852,NaN,NaN,15.898,62.061,133.281,1117.82,0,236.322,0,0,41057.075,693394.373,0,0,25.913,0,15.935,143.077,0,140.047,8.915,293.306
FMT.0079G,STR,0,0,0,0,84170.341,3675249.93,0,0,217.572,1005.295,50.119,631.213,1072.61,0,0,0,56.076,0,24.491,1521.51,1699.299,773.023,0,2.376,NaN,1379.292,52.827,1582.296,2053.482,NaN,NaN,0,0,123.195,839.588,0,0,0,0,34977.442,826046.513,10.535,0,32.635,0,13.415,80.438,0,123.046,5.48,202.67
1303J,VRE,0,439.576,743.403,630.561,51616.47,2389882.18,0,0,722.478,33723.373,43.608,4206.276,1390.099,1464.19,0,11035.134,82.179,115.588,31.041,2532.756,3348.436,855.778,0,0,NaN,0,113.02,455.244,197755.868,NaN,NaN,0,0,164.816,1046.588,0,275.284,0,43233.969,49617.939,194298.385,0,137.49,43.799,0,28.768,586.322,0,0,4.759,681.56
FMT.0080G,STR,0,0,69.732,0,54719.504,6911813.837,0,0,1353.517,0,78.172,422.148,5476.727,0,0,0,84.347,0,106.267,3161.702,6626.37,447.961,0,0,NaN,1798.526,75.715,704,2400.062,NaN,NaN,21.145,0,443.47,0,0,0,0,0,43821.952,1082174.696,22.63,0,116.613,0,107.208,183.145,0,110.899,15.751,238.055
FMT.0090H,STR,0,0,0,21.542,33156.509,1442116.013,0,0,276.769,4191.467,51.609,870.52,4322.18,0,0,0,100.379,0,70.319,10428.514,2922.076,751.828,0,0,NaN,37128.213,143.494,2128.83,2283.996,NaN,NaN,15.48,0,872.287,1621.254,0,201.334,0,0,19615.867,737500.084,21.044,0,91.089,0,34.315,85.228,0,94.111,5.403,659.934
1196C,STR,0,0,345.614,0,50301.205,3467003.152,0,0,666.7,4186.579,36.627,1161.114,960.047,550.664,0,0,70.724,0,46.94,9427.101,2242.024,280.667,0,0,NaN,8443.228,39.394,2998.775,8007.807,NaN,NaN,11.066,0,803.1,1108.294,0,1010.332,0,0,22935.146,862687.595,17.029,0,52.767,0,17.995,125.702,0,122.566,7.324,3147.148
FMT.0097K,VRE,0,0,0,0,27695.504,990407.96,0,0,235.285,121.75,4.642,44.17,524.912,68.32,0,0,35.682,0,32.958,62.33,1985.257,196.09,0,0,11.47,70.55,98.337,357.09,1115,17.104,0,0,0,365.15,541.17,0,0,0,0,24106.914,95994.68,15.185,0,35.167,0,22.928,80.55,6.097,0,2.89,0
1234I,VRE,0,0,0,31.46,37148.623,11175828.3,0,0,249.907,0,7.02,167.37,1249.407,0,0,0,35.201,0,66.91,16150.92,1355.781,404.13,0,0,18.468,9513.79,116.422,1407.21,1302.81,21.092,421.72,14.01,0,988.852,3959.33,0,189,0,825.3,27022.276,477598.99,18.091,0,42.608,0,75.508,318.75,11.305,131.91,6.333,4759.71
FMT.0136N,DIV,0,0,0,619.03,75065.003,568530.15,0,0,345.591,2738.99,2.858,667.06,249.333,1872.31,55.588,203.93,59.313,0,15.31,1678.23,724.187,71.76,0,0,32.024,386.46,219.953,197.34,69498.69,0,200.66,12.597,0,722.248,874.93,0,294.68,0,107.17,20318.271,24833.71,0,0,26.467,0,17.951,370.11,3.083,0,1.548,552.13
FMT.0171V,DIV,0,528.22,0,3298.1,43988.691,4182494.44,0,0,771.806,6762.51,9.019,7018.26,543.285,2860.5,393.534,4400.49,43.355,0,16.704,4166.66,752.549,96.71,0,0,10.206,0,150.607,852.94,254978.9,22.132,299.66,13.717,71.73,319.517,0,0,4877.04,0,559.42,36379.779,136974.42,0,187.56,33.327,0,32.555,636.58,4.809,0,4.34,1429.9
FMT.0048E,DIV,0,0,0,283.86,68203.191,2078883.95,0.231,0,1962.63,82877.11,16.881,3669.42,1136.123,1472.08,674.269,3578.04,213.43,0,36.867,871.85,1553.251,272.37,0,0,0,356.9,99.198,1001.55,116965.1,30.964,449.23,25.439,1582.74,233.134,1664.87,0,9319.75,0,4646.8,51110.427,52001.65,12.699,157.13,20.275,0,204.641,1225.68,10.036,0,15.557,0
843D,VRE,0,0,0,1363.74,92077.423,6620318.79,0,0,437.903,0,8.792,989.83,597.815,4172.12,0,0,40.163,0,20.955,2553.5,2772.656,453.88,0,0,26.143,4227.3,109.595,933.55,16699.59,15.918,439.43,0,0,651.938,1356.97,0,2367.93,0,318.85,34211.821,101201.37,12.818,0,36.283,0,120.042,222.77,0,109.14,1.627,272.25
1075G,DIV,0,0,0,0,54118.398,13246293.13,0,0,895.619,727.14,12.805,533.17,630.24,2804.53,0,0,62.308,0,36.153,1719.23,1590.601,744.39,0,0,0,556.55,146.935,3404.08,121789.75,24.443,0,14.936,0,206.461,0,0,748.06,0,1717.15,35808.763,927330.09,0,0,20.74,0,20.898,178.88,3.5,527.14,11.838,387.09
690A,DIV,0,0,0,868.94,54416.224,461252.57,0,0,1030.465,68974.94,3.399,18366.17,347.18,17130.45,0,0,42.88,377.627,16.2,5583.29,885.525,563.99,0,0,0,1126.58,221.827,1057.54,114705.47,19.88,248.72,0,0,245.304,1471.9,0,1800.96,0,1103.07,31496.984,1220779.35,0,188.22,42.584,134.05,12.698,484.18,3.684,586.24,1.766,2392.28
FMT.0063EE,STR,0,4227.42,0,0,78842.175,21944989.22,0,217.88,656.708,3069.21,50.52,650,2589.698,251.22,0,0,82.998,0,1016.79,4069.65,1714.211,2330.76,0,0,61.874,1801.37,198.367,1521.76,16356.9,324.827,753.96,165.11,108.63,5142.333,3612.23,0,0,0,0,19222.74,2182021.31,12.727,0,110.92,0,232.449,133.78,6.604,205.56,73.071,288.41
684A,DIV,0,0,0,199.16,60807.024,1600962.65,0,0,1191.081,11680.44,8.347,3949.34,407.638,0,320.968,3167.78,63.974,0,19.059,493.56,2144.16,220.48,0,0,7.267,99.91,342.719,1463.94,61250.88,14.793,1101.73,15.999,307.31,491.353,0,0,2525.44,0,2066.19,35193.666,90551.24,0,271.08,19.413,0,19.962,448.35,0,0,1.377,89.97
697A,DIV,0,535.59,0,440.58,86862.29,2490233.59,0,0,2077.126,8796.44,13.008,3898.68,601.801,0,442.884,1979.42,50.803,0,35.534,5538.8,1350.063,164.57,0,0,13.226,0,127.927,1013.99,99491.31,27.825,0,18.619,248.72,515.341,0,0,2283.9,0,1117.65,49170.002,108098.58,10.69,0,31.923,0,20.609,943.93,0,0,10.602,1093.83
704A,DIV,0,0,0,587.39,64672.134,845593.57,0,0,1606.162,13422.29,29.807,2651.01,1740.226,1082.61,30.374,310.46,33.54,0,64.707,7869,2136.064,275.97,0,0,34.556,891.09,130.833,1057.52,189226.81,28.447,0,16.884,30.64,465.297,1432.71,0,12061.82,0,0,43755.588,68404.87,9.07,145.55,105.17,0,37.666,1313.59,6.966,0,17.412,3753.32
FMT.0126B,DIV,0,513.27,0,5409.46,48973.001,6170827.5,0,34.66,626.171,6772.58,10.17,12515.5,729.488,6953.24,0,0,42.657,0,13.308,562,1266.512,502.97,0.929,0,0,358.69,263.617,946.9,178326.79,0,47131.79,15.499,556.44,275.804,0,0,816.78,0,2772.54,42330.765,641205.9,0,232.75,23.098,0,14.394,206.89,4.397,0,3.197,8404.9
762A,DIV,0,0,0,0,111397.852,340263.93,0,0,916.135,7038.73,24.656,997.35,974.646,1337.22,208.329,2087.48,0,160.05,24.997,385.94,1815.748,138.38,0,0,0,436.75,29.456,1622.76,13173.53,52.262,471.28,17.793,77.79,386.461,1086.38,20.584,158.94,0,7576.94,43944.577,48894.02,4.565,249.21,35.41,0,24.708,563.29,0,0,7.746,161.36
1629D,DIV,0,0,0,0,81758.991,2915895.78,0,0,1506.436,14687.97,5.721,4383.32,683.331,8066.91,141.73,3398.66,64.938,0,15.979,1899.1,426.863,314.25,0,0,0,263.79,157.28,1156.27,151446.16,30.805,1020.26,15.108,31.03,233.654,1907.4,0,461.76,0,14122.67,37775.941,154411.45,8.345,183.03,20.63,0,9.911,216.82,0,0,9.734,1171.91
FMT.0053A,DIV,0,577.28,0,301.66,50898.132,7150036.31,0,40.13,669.741,7614.18,9.626,173972.68,712.849,10045.78,728.365,5718.68,38.264,0,29.126,607.18,2674.399,167.08,0,0,0,0,119.849,1178.06,238099,10.674,958.8,18.205,681.8,298.811,0,0,4025.71,0,6072.01,37259.766,322009.94,12.358,0,25.536,0,21.923,60.51,0,0,5.271,39.53
866A,DIV,0,0,0,0,55406.398,656049.8,0,0,929.151,506.61,24.759,172,2274.142,1387.26,0,29.47,82.504,0,23.997,357.81,2066.391,46.6,0,0,16.349,73.62,909.406,48.84,14262.87,28.666,213.86,0,0,1287.002,687.56,0,0,0,387.5,31236.8,22273.41,0,0,53.518,0,18.313,63.14,0,0,0.845,69.38
FMT.0108P,STR,0,0,0,0,61692.459,3183474.08,0,0,54.947,0,9.707,3755.83,598.334,5149.89,0,0,55.298,0,23.32,1774.55,968.555,1337.13,0,0,0,1108.6,9.582,669.89,2710.14,0,406.96,0,0,76.977,940.12,2.895,197.29,0,0,26227.012,678869.69,0,221.64,24.5,314.45,30.991,1119.31,6.152,75.34,1.769,165.83
FMT.0187B,DIV,0,633.1,0,162.01,123002.586,3505113.27,0,49.64,1280.208,68561.47,16.97,30262.82,933.208,2173.82,104.677,2007.25,62.009,0,38.294,66.19,2182.795,201.49,0,0,29.138,0,288.183,2004.95,133292.55,30.363,0,21.902,258.59,1082.003,0,0,4041.17,0,6187.68,55471.35,104548.99,0,158.51,18.714,0,17.679,219.35,4.755,0,12.144,32.67
982A,DIV,0,0,0,346.75,44281.299,7688209.62,0,0,939.953,2637.84,9.516,4978.54,1932.962,23975.11,0,0,39.373,0,192.578,26135.91,5311.674,15420.29,0,0,64.325,11326.04,150.15,1185.55,3237.56,19.772,659.7,18.417,48.48,1746.065,13781.84,0,2309.51,0,621.82,24687.523,691924.13,26.969,2208.22,120.623,4243.67,47.289,3781.27,4.436,254.47,8.071,1664.55
FMT.0009I,DIV,0,0,0,0,44336.346,2149736.73,0,0,297.154,0,14.124,4906.31,1364.698,0,0,0,71.31,0,32.956,2759.5,2966.708,680.49,0,0,18.445,4310.34,122.358,1635.53,1563.15,18.186,0,0,0,235.879,1239.91,0,685.05,0,0,26877.736,1365270.62,0,0,73.131,0,11.557,155.31,0,98.36,3.656,700.14
FMT.0130A,DIV,0,537.22,0,336.68,67110.791,3476289.44,0.41,473.44,1064.077,23777.34,12.11,7608.94,785.854,650.06,345.202,6745.68,44.202,481.143,21.934,72.98,1409.654,189.96,0,0,4.964,0,139.072,1774.67,246344.75,23.722,831.41,16.778,153.53,201.581,0,0,12881.49,0,265.38,46975.362,88679.81,8.848,0,23.099,0,21.693,942.59,0,0,8.044,0
1160S,DIV,0,0,166.23,794.04,47744.375,31608117.29,0,0,1177.745,2227.4,16.331,1452.28,738.953,274.31,41.427,223.47,36.73,0,29.053,2203.39,1921.098,453.05,0,0,8.992,589.39,66.067,1502.38,86452.32,15.44,288.04,13.414,0,197.34,1988.64,0,2263.44,0,570.14,37480.521,37627.88,0,0,29.936,0,16.584,159.96,4.47,0,4.97,825.32
1004B,DIV,0,0,0,705.75,45545.623,1506883.95,0,15.95,5201.886,307079.45,12.429,8589.23,1015.41,11122,8.846,0,36.056,0,18.676,2612.86,681.561,125.45,0,0,0,432.71,131.085,1119.67,132219.53,22.941,520.82,12.153,27.7,334.153,2048.59,0,3793.52,0,0,41404.131,53352.02,10.907,291.36,39.519,0,18.386,3196.42,0,45.19,8.383,1164.51
FMT.0002B,DIV,0,546.91,294.48,12895.97,35029.093,1147519.45,0,0,211.259,8852.77,6.249,7151.6,195.831,20805.05,0,0,27.484,0,8.227,3625.45,458.191,2283.1,0,0,0,1542.89,73.272,2619.15,161372.66,0,0,12.058,0,92.229,1421.17,0,8942.24,0,11460.49,14568.174,3996737.95,3.831,0,0,0,7.644,1081.34,0,1233.69,2.63,1761.06
FMT.0069S,VRE,0,0,0,1049.33,67413.456,2874657.31,0,0,196.582,651.5,5.818,800.67,526.837,9875.14,0,0,44.072,0,14.423,1025.36,1095.625,159.43,0,0,17.57,1902.92,78.846,769.64,18517.88,22.082,0,0,0,246.016,753.45,0,2988.39,0,0,32383.92,29292.2,0,0,36.079,0,12.497,463.15,4.39,45.15,2.441,509.54
1064H,DIV,0,530.37,0,0,70675.084,355446.88,0,0,1666.335,4647.34,6.404,695.68,372.044,1922.84,47.493,347.76,40.715,0,17.5,1242.85,4006.677,275.48,0,0,16.583,0,87.172,913,40253.23,21.214,436.61,0,0,719.711,1934.93,0,169.92,0,10974.33,16439.423,23897.26,20.357,280.55,150.919,102.18,17.116,730.88,0,0,14.244,544.5
1044S,VRE,0,0,0,1342.6,22708.282,6119504.02,0,0,238.424,0,21.681,459.3,1950.303,0,0,0,70.587,0,45.561,6807.19,2059.718,513.91,0,0,13.716,10853.18,109.567,2202.02,7625.06,20.764,0,13.505,0,324.75,904.41,0,636.74,0,159.66,25044.36,1217418.66,0,0,111.491,0,29.291,239.62,5.445,338.08,9.363,1384.22
FMT.0011C,VRE,0,0,0,65.95,81346.304,1316244.61,0,0,834.956,0,10.017,374.7,1045.057,0,0,0,45.226,0,25.294,2069,1996.483,200.64,0,0,0,3443.25,101.345,464.84,2294.96,18.252,0,16.666,0,201.61,2012.45,0,0,0,0,33523.733,293907.93,7.29,0,53.023,0,13.704,93.14,0,37.77,8.302,176.84
1042T,VRE,0,0,0,686.77,40628.041,2329439.96,0,0,82.028,0,3.628,272.68,363.374,2441.89,0,0,42.426,0,11.466,1554.37,1903.143,176.27,0,0,14.677,3204.56,259.985,1673.92,2923.76,16.843,0,0,0,285.495,1013.83,0,0,0,159.06,25046.327,393432.34,0,0,40.084,0,15.892,242.8,0,157.58,0.584,1120.22
FMT.0016Y,VRE,0,0,0,869.83,66555.467,5725038.04,0,0,170.04,0,9.458,138.87,764.21,527.96,0,0,33.72,0,12.047,2799.42,1810.522,310.44,0,0,22.714,8975.58,80.148,1744.13,2679.38,23.846,0,0,0,871.099,2753.98,0,535.12,0,398.06,34216.234,878844.91,6.139,0,120.814,0,23.127,120.57,13.295,185.81,3.366,2868.41
1066S,DIV,0,0,0,0,81762.989,10788623.25,0,0,127.597,0,22.171,674.59,1711.436,0,0,0,82.025,0,16.027,434.93,559.266,1313.78,0,0,8.728,2036.15,160.101,847.68,1809.66,26.412,0,12.698,0,134.924,599.14,0,111.32,0,0,30709.269,1335193.42,6.308,0,24.395,0,9.254,192.17,0,129.29,4.713,39.77
FMT.0023H,DIV,0,795.37,0,3217.63,62549.698,1515502.49,0,0,513.684,3993.55,7.537,11086,456.976,17186.79,0,0,38.947,0,20.744,3421,1884.359,143.48,0,0,16.285,0,208.434,374.83,33787.11,0,375.23,15.622,265.79,485.289,0,0,807,0,19474.37,27567.877,61086.87,7.278,0,44.524,0,32.765,465.25,0,0,3.5,1456.98
1110K,DIV,0,0,0,4139.23,80176.676,1885644.14,0,0,232.285,414.04,2.879,109.12,222.749,1739.01,0,0,35.68,0,12.877,1244.52,1939.9,718.46,0,0,12.731,1635.15,1018.406,1527.32,3361.16,16.311,424.24,0,0,307.432,1734.52,0,0,0,52.29,38147.915,722455.46,14.61,327.93,33.939,191.09,5.967,344,0,73.68,1.92,236.08
1110P,VRE,0,0,0,64697.57,37390.512,4324296.27,0,0,108.294,245.27,7.402,788.64,384.872,213.99,0,0,28.998,0,13.778,2331.63,1933.815,258.64,0,0,13.875,2335.91,122.228,1059.8,3064.71,0,0,0,0,400.715,460.36,0,156.69,0,107.21,37038.583,875839,7.259,0,38.779,0,18.043,0,4.162,0,0.554,142.14
FMT.0028C,VRE,0,0,0,141.24,66679.583,3218608.51,0,0,439.791,0,20.294,610.48,3389.429,0,14.973,0,53.98,0,27.176,1484.84,2951.16,1171.38,0,0,18.04,3040.15,57.317,786.12,4604.31,17.44,229.3,15.389,0,396.035,3094.89,0,104.85,0,0,42047.165,425091.61,0,160.25,77.97,275.34,18.597,1650.65,4.588,93.95,6.41,384.43
FMT.0103O,STR,0,0,0,38.44,41506.936,3109329.86,0,0,542.525,0,11.646,532.28,973.331,0,0,0,114.378,0,21.321,2518.45,816.248,480.42,0,0,0,770.65,148.688,1226.42,2351.26,16.905,0,13.167,0,208.011,1341.64,0,178.66,0,0,31121.044,738400.98,7.138,0,19.112,0,17.604,68.92,0,148.04,3.264,708.66
FMT.0079J,STR,0,0,0,0,50690.592,5716321.26,0,0,212.949,0,23.712,690.53,1286.837,0,0,0,75.293,0,19.744,1557.65,471.714,624.66,0,0,0,695.2,44.624,732.43,1777.43,21.711,0,0,0,73.085,515.9,0,288.78,0,0,33688.591,825669.94,5.477,0,21.509,0,10.414,0,0,174.44,2.732,209.36
1303G,VRE,0,0,0,1053.63,47288.847,13469211.5,0,0,350.477,2941.65,6.679,9171.52,492.447,15441.78,0,0,36.704,0,19.826,3436.89,3375.548,1360.69,0,0,16.994,2775.17,217.785,2553.66,142660.54,16.73,0,0,0,291.024,1182.23,0,3848.49,0,996.79,39502.043,1689982.49,4.974,196.27,36.496,0,18.305,521.11,3.984,413.72,1.186,1304.86
FMT.0090Q,STR,0,0,0,0,31612.055,4578568.33,0,0,510.049,0,47.836,1234.33,5005.8,0,0,0,75.212,0,68.221,5603.05,4761.713,522.6,0,0,77.011,4824.67,95.444,799.68,1080.42,23.649,220.82,18.088,0,703.495,1019.77,0,521.34,0,0,24764.331,492002.76,16.257,0,109.4,101.02,47.741,212.26,7.817,0,3.957,171.94
1176Z,VRE,0,0,0,62.8,147161.843,149459.77,0,0,560.63,12586.62,24.303,14428.13,807.171,149891.28,0,0,104.962,0,35.497,7248.26,2461.649,558.29,0,0,14.408,6773.25,167.974,1706.8,16839.41,34.513,444.61,0,0,1305.671,5681.46,0,0,0,0,12728.84,45627.45,7.392,0,238.502,225.64,26.613,600.83,5.419,0,6.838,555.08
1196L,STR,0,0,0,19.38,48029.457,6667652.35,0,0,449.713,534.22,32.19,4963.52,1301.249,895.99,0,0,38.38,0,24.269,5233.07,3033.025,442.76,0,0,21.258,7473.8,87.527,485.06,2734.6,29.905,266.48,14.923,0,537.206,820.56,0,240.89,0,0,43803.586,640673.04,16.024,776.45,48.172,0,12.529,130.72,0,179.05,6.076,2309.35
FMT.0093M,STR,0,0,0,0,28433.086,6581667.65,0,0,391.135,0,4.43,698.89,636.335,0,0,0,43.088,0,25.149,1347.73,2060.746,745.29,0,0,0,444.1,92.326,924.35,2800.66,13.778,0,13.754,0,222.589,565.55,0,164.85,0,0,32462.949,1117842.58,7.108,0,27.82,0,19.965,131.78,4.581,77.04,1.348,174.49
1297D,STR,0,0,0,0,29218.355,3405039.17,0,0,739.859,0,29.805,943.73,2869.666,1430.08,0,0,33.317,0,111.721,3454.5,3389.107,2171.53,0,0,27.972,917.5,113.339,766.01,948.13,59.5,383.76,13.604,0,1054.057,6429.68,0,209.73,0,0,30181.956,538585.1,8.13,0,168.864,778.01,42.821,1898.22,7.39,114.19,12.759,286.17
FMT.0107J,STR,0,0,0,0,30406.598,282838.18,0,0,606.754,0,19.117,260.96,1291.943,0,0,0,32.078,0,41.689,2153.52,2752.812,326.72,0,0,26.807,2406.52,120.649,1506.96,0,17.452,0,15.341,0,496.107,718.1,0,308.23,0,0,31225.635,142065.89,6.353,0,45.195,0,37.815,247.22,4.714,39.33,4.822,234.2
FMT.0091DD,STR,0,0,0,0,39184.698,4897592.52,0,0,410.114,0,56.808,1939.87,4365.223,0,0,0,87.587,0,43.408,13513.94,2343.032,948.16,0,0,21.592,14635.75,269.037,2318.95,2835.84,11.384,314.14,12.812,0,711.687,895.46,0,106.76,0,0,24008.127,1114650.69,0,0,35.121,0,43.355,145.33,5.702,281.82,4.609,1160.94
1261K,STR,0,0,0,0,39208.076,1158391.99,0,0,507.292,0,17.198,864.63,1191.023,0,0,0,38.884,0,49.843,6538.33,3074.79,753.81,0,0,0,703.96,229.195,1415.48,0,31.448,1367.22,21.136,0,249.511,1497.99,0,145.83,0,0,67277.836,456515.41,9.323,332.56,40.003,0,22.073,965.66,6.688,101.66,6.055,417.03
FMT.0122I,STR,0,0,0,0,24246.919,14071078.71,0,0,342.585,0,32.757,404.5,1822.776,8358.12,8.936,0,38.292,0,175.949,4310.46,4587.207,10499.84,0,0,40.071,2353.46,52.413,1830.45,1462.34,0,300.74,14.101,0,2584.677,17728.81,0,181.59,0,0,22015.708,1514658.24,13.555,0,146.312,1074.38,63.995,1612.42,10.35,137.5,10.585,255.09
